time,Unnamed: 0,time,open,high,low,close,volume,log_open,log_returns,log_returns_sq,volatility
2022-05-31,16209,2022-05-31 19:59:00,148.51186398698857,148.61126951843903,148.5019234338435,148.61126951843903,7425,5.000664847219818,0.0,1.6064235523127603e-05,0.0
2022-06-01,15425,2022-06-01 19:59:00,147.12018654668174,147.16988931240698,147.02078101523128,147.13012709982675,7869,4.9912498482852135,-0.009414998934604846,0.00018017747483713744,0.009414998934604846
2022-06-02,14647,2022-06-02 19:59:00,150.6987856788978,150.6987856788978,150.64908291317258,150.64908291317258,4126,5.015283047729366,0.014618200509548096,0.00011257590078892174,0.014618200509548096
2022-06-03,13799,2022-06-03 19:59:00,144.28712890034396,144.33683166606917,144.28712890034396,144.33683166606917,4371,4.97180526499174,-0.02885958222807794,0.0010802793680906443,0.02885958222807794
2022-06-06,12986,2022-06-06 19:59:00,145.66886578750487,145.66886578750487,145.5694602560544,145.6291035749247,9616,4.981336003252916,-0.019328843966902376,0.0005446092850380468,0.019328843966902376
2022-06-07,12204,2022-06-07 19:59:00,147.3289381627277,147.33887871587274,147.3289381627277,147.33887871587274,927,4.992667761489923,-0.007997085729895659,0.00014412259714117383,0.007997085729895659
2022-06-08,11478,2022-06-08 19:59:00,147.03072156837575,147.0406621215208,147.03072156837575,147.0406621215208,4485,4.990641555204373,-0.010023292015445051,0.00019687775609337607,0.010023292015445051
2022-06-09,10658,2022-06-09 19:59:00,142.1598505273037,142.18967218673885,142.14990997415867,142.14990997415867,4712,4.9569521324059425,-0.04371271481387584,0.0022772686645594056,0.04371271481387584
2022-06-10,9874,2022-06-10 19:59:00,136.60308131922332,136.60308131922332,136.5533785534981,136.5533785534981,3890,4.917079504124031,-0.08358534309578758,0.007672597503260703,0.08358534309578758
2022-06-13,8967,2022-06-13 19:59:00,131.49363700266886,131.6129236404094,131.49363700266886,131.6129236404094,4556,4.878958462634687,-0.12170638458513139,0.01580411187157558,0.12170638458513139
2022-06-14,8155,2022-06-14 19:59:00,133.02448218700587,133.10400661216627,132.99466052757074,132.99466052757074,3634,4.890533187875765,-0.11013165934405311,0.013027866719792492,0.11013165934405311
2022-06-15,7333,2022-06-15 19:59:00,135.82771817390957,135.83765872705465,135.68855042987894,135.68855042987894,7461,4.91138730456136,-0.08927754265845866,0.008702196461245577,0.08927754265845866
2022-06-16,6428,2022-06-16 19:59:00,129.77392130857626,129.77392130857626,129.7440996491411,129.75404020228615,3771,4.865793869666236,-0.13487097755358235,0.019287376349665465,0.13487097755358235
2022-06-17,5620,2022-06-17 19:59:00,130.76797662308095,130.777917176226,130.76797662308095,130.777917176226,902,4.8734245820074005,-0.12724026521241782,0.017226112738049276,0.12724026521241782
2022-06-21,4776,2022-06-21 19:59:00,134.85354396569502,134.88336562513018,134.74419788109955,134.79390064682477,14871,4.904189330039033,-0.09647551718078518,0.010096941525221491,0.09647551718078518
2022-06-22,3939,2022-06-22 19:59:00,133.5513315036934,133.5513315036934,133.35252044079252,133.36246099393753,10872,4.894485909582595,-0.10617893763722286,0.012141165941328209,0.10617893763722286
2022-06-23,3129,2022-06-23 19:59:00,137.27903893308618,137.27903893308618,137.27903893308618,137.27903893308618,715,4.922015634936345,-0.07864921228347299,0.006832218279797364,0.07864921228347299
2022-06-24,2297,2022-06-24 19:59:00,140.88745972473734,140.90734083102743,140.88745972473734,140.90734083102743,813,4.947961413699909,-0.052703433519909026,0.0032161891188536994,0.052703433519909026
2022-06-27,1508,2022-06-27 19:59:00,141.0763302344932,141.13597355336347,141.0763302344932,141.13597355336347,5004,4.949301093082364,-0.05136375413745409,0.0030660335258976194,0.05136375413745409
2022-06-28,736,2022-06-28 19:59:00,136.9211790198644,136.9211790198644,136.89135736042925,136.89135736042925,1138,4.919405424637651,-0.08125942258216767,0.007270537002832355,0.08125942258216767
2022-06-29,0,2022-06-29 19:59:00,138.3128564601706,138.3526186727508,138.3128564601706,138.3128564601706,3193,4.929518195016591,-0.07114665220322713,0.00564822496403764,0.07114665220322713
2022-06-30,15898,2022-06-30 19:59:00,136.1855780871313,136.19551864027633,135.90724259907,135.91718315221505,5109,4.914018500349226,-0.0866463468705927,0.008218214486093977,0.0866463468705927
2022-07-01,15104,2022-07-01 19:59:00,138.1736887161403,138.20351037557546,138.1736887161403,138.19356982243042,2708,4.92851150765179,-0.07215333956802805,0.005800552904127346,0.07215333956802805
2022-07-05,14317,2022-07-05 19:59:00,140.5196592583711,140.52959981151614,140.5196592583711,140.52959981151614,1821,4.945347402532539,-0.055317444687279504,0.003519510926180908,0.055317444687279504
2022-07-06,13553,2022-07-06 19:59:00,142.14981056862692,142.14990997415836,141.77216895464662,141.77216895464662,6964,4.95688150548006,-0.04378334173975862,0.0022840143905210153,0.04378334173975862
2022-07-07,12790,2022-07-07 19:59:00,145.052551492512,145.06249204565708,145.03267038622192,145.03267038622192,3436,4.977096100847119,-0.023568746372699678,0.0007604781206536549,0.023568746372699678
2022-07-08,12045,2022-07-08 19:59:00,145.9074390629858,145.9074390629858,145.89749850984077,145.9074390629858,663,4.9829724416380134,-0.01769240558180485,0.00047090853108581885,0.01769240558180485
2022-07-11,11282,2022-07-11 19:59:00,144.23742613461803,144.2473666877631,144.14796115631262,144.2473666877631,2255,4.971460734411238,-0.029204112808580263,0.0011030458585252533,0.029204112808580263
2022-07-12,10515,2022-07-12 19:59:00,144.93326485477172,144.98296762049694,144.7543348981609,144.93326485477172,4973,4.976273394095657,-0.02439145312416091,0.000806530153108662,0.02439145312416091
2022-07-13,9780,2022-07-13 19:59:00,143.54158741446497,143.54158741446497,143.49188464873973,143.49188464873973,2753,4.966624800979823,-0.034040046239995014,0.0014476554509503358,0.034040046239995014
2022-07-14,8978,2022-07-14 19:59:00,148.45222066811803,148.48204232755316,148.4025179023928,148.48204232755316,4044,5.000263160128656,-0.00040168709116272794,1.9445528955324916e-05,0.00040168709116272794
2022-07-15,8222,2022-07-15 19:59:00,149.13811883512636,149.13811883512636,149.13811883512636,149.13811883512636,2062,5.004872848620023,0.0042080014002046084,3.999200146628019e-08,0.0042080014002046084
2022-07-18,7396,2022-07-18 19:59:00,145.97702293500095,146.03666625387126,145.96708238185596,146.02672570072622,3851,4.983449232165724,-0.01721561505409408,0.00045044274423107315,0.01721561505409408
2022-07-19,6555,2022-07-19 19:59:00,150.84789397607344,150.89759674179868,150.7981912103482,150.89759674179868,2522,5.016272004460703,0.015607157240884462,0.00013453995231238976,0.015607157240884462
2022-07-20,5779,2022-07-20 19:59:00,151.7425437591282,151.7624248654183,151.7425437591282,151.7425437591282,3423,5.022185293701986,0.021520446482167443,0.0003066850323447361,0.021520446482167443
2022-07-21,4979,2022-07-21 19:59:00,153.97916821676392,153.999049323054,153.97916821676392,153.999049323054,1190,5.036817321943924,0.036152474724105765,0.0010332658796638522,0.036152474724105765
2022-07-22,4202,2022-07-22 19:59:00,153.0248751148393,153.0248751148393,153.01493456169425,153.01493456169425,884,5.030600490627271,0.029935643407452694,0.0006722415830889796,0.029935643407452694
2022-07-25,3377,2022-07-25 19:59:00,151.6729598871123,151.77236541856277,151.6729598871123,151.77236541856277,1215,5.021726623183178,0.021061775963359786,0.00029083054479126555,0.021061775963359786
2022-07-26,2548,2022-07-26 19:59:00,151.9115331625936,151.92147371573867,151.8916520563035,151.92147371573867,2925,5.023298332740517,0.022633485520699104,0.0003469079138031375,0.022633485520699104
2022-07-27,1732,2022-07-27 19:59:00,155.5497756136806,155.56965671997068,155.5298945073905,155.56965671997068,16357,5.0469657808076045,0.0463009335877862,0.0017886904215319902,0.0463009335877862
2022-07-28,865,2022-07-28 19:59:00,161.04690150289147,161.0866637154717,161.03696094974646,161.05684205603654,16550,5.081695636243427,0.08103078902360838,0.005932506732779537,0.08103078902360838
2022-07-29,0,2022-07-29 19:59:00,161.19600980006638,161.20595035321142,161.18606924692136,161.18606924692136,3281,5.082621076664839,0.08195622944502112,0.0060759231378136125,0.08195622944502112
2022-08-01,14815,2022-08-01 19:59:00,160.43058720789847,160.44052776104354,160.43058720789847,160.44052776104354,3220,5.07786137056883,0.07719652334901195,0.005356556817900812,0.07719652334901195
2022-08-02,14005,2022-08-02 19:59:00,159.07867198017212,159.07867198017212,159.04885032073696,159.04885032073696,7940,5.069398872178997,0.0687340249591788,0.004189455537061454,0.0687340249591788
2022-08-03,13246,2022-08-03 19:59:00,164.8143711448635,164.85413335744366,164.8143711448635,164.85413335744366,897,5.104819817222292,0.10415497000247331,0.010029411314879427,0.10415497000247331
2022-08-04,12482,2022-08-04 19:59:00,164.86407391058918,164.87401446373426,164.86407391058918,164.87401446373426,1010,5.105121339914161,0.10445649269434298,0.010089895385864927,0.10445649269434298
2022-08-05,11782,2022-08-05 19:59:00,164.16764062091315,164.16764062091315,164.14773186022666,164.14773186022666,2329,5.1008881046426575,0.10022325742283922,0.009257371643404297,0.10022325742283922
2022-08-08,11030,2022-08-08 19:59:00,164.39659136880803,164.51604393292706,164.39659136880803,164.51604393292706,2500,5.102281748640758,0.1016169014209396,0.009527493459422682,0.1016169014209396
2022-08-09,10295,2022-08-09 19:59:00,164.24727566365902,164.25723004400228,164.24727566365902,164.25723004400228,4204,5.101373070704538,0.10070822348471964,0.009350929083701644,0.10070822348471964
2022-08-10,9545,2022-08-10 19:59:00,168.3285716043925,168.3285716043925,168.3285716043925,168.3285716043925,481,5.1259178527084925,0.12525300548867424,0.014700346167259725,0.12525300548867424
2022-08-11,8792,2022-08-11 19:59:00,168.03989457443805,168.03989457443805,168.0100314334083,168.0100314334083,1049,5.124201418917255,0.12353657169743659,0.014287074336795234,0.12353657169743659
2022-08-12,7998,2022-08-12 19:59:00,171.06602619878672,171.115798100503,171.06602619878672,171.115798100503,9672,5.1420496000998,0.14138475287998187,0.01887236635279931,0.14138475287998187
2022-08-15,7220,2022-08-15 19:59:00,172.3401868827225,172.36009564340898,172.3401868827225,172.36009564340898,3230,5.149470354194939,0.14880550697512085,0.020966311829590127,0.14880550697512085
2022-08-16,6428,2022-08-16 19:59:00,172.9673128443474,172.9673128443474,172.9075865622879,172.9075865622879,13835,5.153102633549525,0.15243778632970706,0.022031395117818774,0.15243778632970706
2022-08-17,5577,2022-08-17 19:59:00,172.48950258787198,172.5094113485585,172.40986754512596,172.40986754512596,4535,5.15033638005664,0.14967153283682144,0.02121785856482207,0.14967153283682144
2022-08-18,4772,2022-08-18 19:59:00,173.32567053670425,173.32567053670425,173.315716156361,173.315716156361,1377,5.155172313488051,0.15450746626823264,0.02265008290638706,0.15450746626823264
2022-08-19,3917,2022-08-19 19:59:00,170.00090750205834,170.0108618824016,169.9710443610286,169.9710443610286,4712,5.135803775283415,0.13513892806359706,0.017195314683062526,0.13513892806359706
2022-08-22,3084,2022-08-22 19:59:00,167.20372662560507,167.21368100594833,167.19377224526184,167.21368100594833,1336,5.11921298883287,0.1185481416130516,0.013119439138984161,0.1185481416130516
2022-08-23,2331,2022-08-23 19:59:00,166.307832394712,166.35760429642826,166.307832394712,166.35760429642826,2068,5.113840483073643,0.11317563585382473,0.011917568046076323,0.11317563585382473
2022-08-24,1566,2022-08-24 19:59:00,167.1639091042321,167.1639091042321,167.0743196811428,167.0743196811428,1464,5.118974822710875,0.11830997549105682,0.013064936709596736,0.11830997549105682
2022-08-25,803,2022-08-25 19:59:00,169.42355344215028,169.42355344215028,169.42355344215028,169.42355344215028,815,5.1324018129432325,0.1317369657234142,0.01631468321860262,0.1317369657234142
2022-08-26,0,2022-08-26 19:59:00,161.73877181715926,161.73877181715926,161.67904553509973,161.728817436816,2159,5.085982514076085,0.08531766685626696,0.006611258444624099,0.08531766685626696
2022-08-29,16499,2022-08-29 19:59:00,161.05191957347532,161.05191957347532,161.04196519313206,161.05191957347532,1221,5.081726794821204,0.08106194760138585,0.005937307543427932,0.08106194760138585
2022-08-30,15685,2022-08-30 19:59:00,158.24478431667754,158.24478431667754,158.23482993633428,158.24478431667754,2448,5.064143101976735,0.06347825475691682,0.003536708655818897,0.06347825475691682
2022-08-31,14846,2022-08-31 19:59:00,155.278378974389,155.28833335473223,155.24851583335922,155.28833335473223,6097,5.045219499434736,0.04455465221491739,0.001644029270640808,0.04455465221491739
2022-09-01,14018,2022-09-01 19:59:00,157.92624414569335,157.92624414569335,157.89638100466362,157.89638100466362,1789,5.0621281148331585,0.0614632676133402,0.0033011053177183793,0.0614632676133402
2022-09-02,13258,2022-09-02 19:59:00,154.93993004271798,154.93993004271798,154.93993004271798,154.93993004271798,702,5.043037493691572,0.04237264647175376,0.0014718444570850954,0.04237264647175376
2022-09-06,12438,2022-09-06 19:59:00,153.85490258530376,153.86485696564702,153.77526754255774,153.785221922901,6410,5.036009967268165,0.03534512004834678,0.000982013751850481,0.03534512004834678
2022-09-07,11641,2022-09-07 19:59:00,155.28833335473198,155.32815087610498,155.248515833359,155.32815087610498,6512,5.045283604053493,0.044618756833674666,0.0016492318326638343,0.044618756833674666
2022-09-08,10847,2022-09-08 19:59:00,153.9444920083928,153.9444920083928,153.88476572633326,153.89472010667652,935,5.036592095935034,0.035927248715215576,0.0010188370725575334,0.035927248715215576
2022-09-09,10041,2022-09-09 19:59:00,156.78149040622026,156.80139916690678,156.78149040622026,156.78149040622026,1980,5.054853055069647,0.05418820784982881,0.0025180511123866055,0.05418820784982881
2022-09-12,9178,2022-09-12 19:59:00,163.40115333448216,163.40115333448216,163.3513814327659,163.40115333448216,7753,5.096208240751556,0.09554339353173802,0.008378724351746364,0.09554339353173802
2022-09-13,8308,2022-09-13 19:59:00,153.49654489294707,153.55627117500657,153.49654489294707,153.55627117500657,6484,5.033678057933188,0.03301321071336982,0.0008413010072472073,0.03301321071336982
2022-09-14,7465,2022-09-14 19:59:00,155.18878955129986,155.2883333547324,155.18878955129986,155.27837897438914,5021,5.04464237286769,0.04397752564787183,0.0015975612700174027,0.04397752564787183
2022-09-15,6625,2022-09-15 19:59:00,150.56995707203,150.6595464951193,150.56000269168675,150.6595464951193,4767,5.0144278072318365,0.013762960012018155,9.515882737226349e-05,0.013762960012018155
2022-09-16,5806,2022-09-16 19:59:00,150.6096750495997,150.60977459340316,150.59982021305987,150.60977459340316,5230,5.014691556659513,0.014026709439694862,0.00010037411008604405,0.014026709439694862
2022-09-19,4978,2022-09-19 19:59:00,154.2928953204071,154.30284970075036,154.28294094006387,154.30284970075036,9051,5.038852713723205,0.038187866503387013,0.0011682618114597868,0.038187866503387013
2022-09-20,4150,2022-09-20 19:59:00,155.7860523718949,155.7860523718949,155.76614361120838,155.7760979915517,4249,5.048483606784166,0.04781875956434778,0.0019193807787207069,0.04781875956434778
2022-09-21,3308,2022-09-21 19:59:00,151.65498452944445,151.77443709356348,151.65498452944445,151.754528332877,3800,5.021608102235671,0.020943255015852813,0.0002868021377068785,0.020943255015852813
2022-09-22,2478,2022-09-22 19:59:00,152.39160867484583,152.39160867484583,152.30201925175655,152.30201925175655,3339,5.0264535805479476,0.025788733328129254,0.00047439941220337226,0.025788733328129254
2022-09-23,1639,2022-09-23 19:59:00,149.88310482834652,149.88310482834652,149.83333292663028,149.88310482834652,2690,5.009855689138911,0.009190841919092918,2.6861628558644145e-05,0.009190841919092918
2022-09-26,813,2022-09-26 19:59:00,150.4505045079113,150.4505045079113,150.41068698653828,150.41068698653828,3734,5.013634156396529,0.012969309176710908,8.030467866114221e-05,0.012969309176710908
2022-09-27,0,2022-09-27 19:59:00,151.14731113193903,151.2070374139985,151.11744799090926,151.2070374139985,3873,5.018254931665574,0.017590084445755494,0.00018447243664573767,0.017590084445755494
2022-09-28,17470,2022-09-28 19:59:00,148.6985335674994,148.70848794784263,148.64876166578316,148.68857918715614,6165,5.001920991732879,0.0012561445130607751,7.572826387323608e-06,0.0012561445130607751
2022-09-29,16563,2022-09-29 19:59:00,141.80014798962526,141.81010236996852,141.74042170756576,141.76033046825225,3362,4.954418657747873,-0.0462461894719457,0.002525485710114598,0.0462461894719457
2022-09-30,15673,2022-09-30 19:59:00,136.93245600177488,136.93245600177488,136.8926384804019,136.8926384804019,9726,4.919487782368019,-0.08117706485179887,0.0072564989193070716,0.08117706485179887
2022-10-03,14818,2022-10-03 19:59:00,142.18836882301184,142.31777576747413,142.18836882301184,142.31777576747413,2320,4.9571527195302005,-0.04351212768961776,0.0022581645692655718,0.04351212768961776
2022-10-04,13965,2022-10-04 19:59:00,145.36381615250923,145.4135880542255,145.33395301147948,145.33395301147948,7128,4.979239676856333,-0.021425170363484902,0.0006468472431529959,0.021425170363484902
2022-10-05,13173,2022-10-05 19:59:00,146.6280224561027,146.72756625953522,146.58820493472967,146.63797683644594,2159,4.987898920272541,-0.012765926947277073,0.0002813653430745458,0.012765926947277073
2022-10-06,12372,2022-10-06 19:59:00,144.13942737029012,144.17924489166313,144.1195186096036,144.1195186096036,12334,4.970781076755575,-0.029883770464243398,0.0011486535556023553,0.029883770464243398
2022-10-07,11617,2022-10-07 19:59:00,139.38123356621523,139.38123356621523,139.2617810020962,139.38123356621523,4805,4.937212866353008,-0.06345198086681059,0.004550851905506003,0.06345198086681059
2022-10-10,10818,2022-10-10 19:59:00,140.2572190364211,140.28708217745086,140.2572190364211,140.2771277971076,2323,4.943478015708589,-0.057186831511229386,0.0037448100225257546,0.057186831511229386
2022-10-11,10017,2022-10-11 19:59:00,138.60479189944158,138.60479189944158,138.60479189944158,138.60479189944158,768,4.931626659747194,-0.06903818747262402,0.0053357486303034305,0.06903818747262402
2022-10-12,9247,2022-10-12 19:59:00,137.97766593781682,138.02743783953306,137.95785672093373,137.97766593781682,2350,4.927091831029219,-0.07357301619059964,0.0060188173932521245,0.07357301619059964
2022-10-13,8455,2022-10-13 19:59:00,142.12864254095268,142.17841444266895,142.12864254095268,142.17841444266895,1657,4.9567325808782705,-0.04393226634154779,0.0022982711885064008,0.04393226634154779
2022-10-14,7605,2022-10-14 19:59:00,137.4600381599677,137.4600381599677,137.45008377962444,137.45008377962444,1504,4.923333243301217,-0.07733160391860139,0.006616134646570048,0.07733160391860139
2022-10-17,6767,2022-10-17 19:59:00,142.80554040429345,142.80554040429345,142.76572288292044,142.7955860239502,4777,4.961483847502241,-0.03918099971757716,0.0018652915448819185,0.03918099971757716
2022-10-18,5890,2022-10-18 19:59:00,144.30865183612474,144.33851497715452,144.2190624130355,144.2190624130355,4759,4.97195442126676,-0.02871042595305795,0.001070496797033761,0.02871042595305795
2022-10-19,5036,2022-10-19 19:59:00,142.40736519056384,142.40736519056384,142.34763890850434,142.34763890850434,3602,4.958691719484194,-0.04197312773562434,0.0021142660756061746,0.04197312773562434
2022-10-20,4252,2022-10-20 19:59:00,141.9892812161471,142.06891625889313,141.9892812161471,142.06891625889313,1620,4.95575157035884,-0.0449132768609779,0.0023932934232987336,0.0449132768609779
2022-10-21,3472,2022-10-21 19:59:00,146.95651700743005,146.95651700743005,146.9067451057138,146.9067451057138,3455,4.9901367403499535,-0.010528106869864828,0.0002112990250064062,0.010528106869864828
2022-10-24,2617,2022-10-24 19:59:00,148.847849272648,148.91752993505077,148.847849272648,148.9075755547075,2658,5.002924638399709,0.0022597911798909465,3.0563088938965067e-06,0.0022597911798909465
2022-10-25,1775,2022-10-25 19:59:00,150.09214681555468,150.26137128138996,150.09214681555468,150.21159937967371,6085,5.011249417587514,0.010584570367695889,4.325099635687636e-05,0.010584570367695889
2022-10-26,890,2022-10-26 19:59:00,149.08675440088558,149.11661754191536,149.08675440088558,149.11661754191536,3914,5.004528380808258,0.003863533588440049,2.0876726978111274e-08,0.003863533588440049
2022-10-27,0,2022-10-27 19:59:00,144.78636254879797,144.83623399431764,144.53760258402008,144.68681874536543,18522,4.975259294223448,-0.025405552996370595,0.0008651583586260332,0.025405552996370595
2022-10-28,15147,2022-10-28 19:59:00,155.13901764958274,155.13901764958274,155.11910888889628,155.11910888889628,3671,5.044321603017299,0.04365675579748096,0.0015720221395171695,0.04365675579748096
2022-10-31,14302,2022-10-31 19:59:00,152.75992074754603,152.799738268919,152.75992074754603,152.75992074754603,1691,5.028867543553476,0.028202696333657684,0.000585382295264467,0.028202696333657684
2022-11-01,13516,2022-11-01 19:59:00,149.6939716018242,149.7536978838837,149.6939716018242,149.72383474285394,2431,5.008593020753836,0.00792817353401798,1.536759277314352e-05,0.00792817353401798
2022-11-02,12667,2022-11-02 19:59:00,143.50234702832108,143.50234702832108,143.43266636591832,143.44262074626155,7237,4.966351390663981,-0.03431345655583762,0.0014685356725311026,0.03431345655583762
2022-11-03,11784,2022-11-03 19:59:00,137.12158922829653,137.12158922829653,137.06186294623703,137.10168046761,9874,4.920868044836976,-0.07979680238284192,0.00702324848886064,0.07979680238284192
2022-11-04,10889,2022-11-04 19:59:00,137.69848002610584,137.77824742945188,137.6685672498511,137.71842187694236,4352,4.925066367373802,-0.07559847984601653,0.006337195040240151,0.07559847984601653
2022-11-07,10001,2022-11-07 19:59:00,139.12432236091556,139.15423513717033,139.12432236091556,139.1342932863338,3687,4.935367938862665,-0.06529690835715307,0.004803173288302753,0.06529690835715307
2022-11-08,9204,2022-11-08 19:59:00,139.523159377646,139.5929558555738,139.523159377646,139.57301400473725,2911,4.938230604526173,-0.06243424269364528,0.0044145744575626285,0.06243424269364528
2022-11-09,8395,2022-11-09 19:59:00,134.95647553608524,134.95647553608524,134.86673720732094,134.8767081327392,1365,4.904952323018863,-0.09571252420095533,0.009944187214461315,0.09571252420095533
2022-11-10,7534,2022-11-10 19:59:00,146.77202215671738,146.77202215671738,146.72216752962615,146.77202215671738,2544,4.988880513253326,-0.011784333966492255,0.0002493984879438354,0.011784333966492255
2022-11-11,6683,2022-11-11 19:59:00,149.01548037582563,149.01548037582563,148.96562574873437,149.00550945040737,1962,5.004050195688502,0.0033853484686838797,3.877215763285671e-07,0.0033853484686838797
2022-11-14,5906,2022-11-14 19:59:00,148.27763189487396,148.32748652196523,148.27763189487396,148.32748652196523,990,4.999086407659142,-0.0015784395606761592,3.120854603765823e-05,0.0015784395606761592
2022-11-15,5105,2022-11-15 19:59:00,149.28469536211784,149.2946662875361,149.25478258586307,149.26475351128133,2981,5.005855189994779,0.00519034277496111,1.3978838395101628e-06,0.00519034277496111
2022-11-16,4322,2022-11-16 19:59:00,148.4969922540756,148.4969922540756,148.46707947782082,148.46707947782082,2614,5.000564703856327,-0.00010014336349151165,1.6877017703769936e-05,0.00010014336349151165
2022-11-17,3512,2022-11-17 19:59:00,150.59088659190994,150.59088659190994,150.4612645614726,150.4612645614726,1415,5.014566799536805,0.013901952316986765,9.78898690388116e-05,0.013901952316986765
2022-11-18,2763,2022-11-18 19:59:00,150.41140993438077,150.44132271063555,150.41140993438077,150.44132271063555,773,5.013374272563621,0.012709425343802927,7.571443063606369e-05,0.012709425343802927
2022-11-21,2023,2022-11-21 19:59:00,147.7192600714516,147.7192600714516,147.68934729519682,147.68934729519682,849,4.995313580978124,-0.005351266241694574,8.759626511390366e-05,0.005351266241694574
2022-11-22,1269,2022-11-22 19:59:00,149.64364867717546,149.66359052801195,149.6137359009207,149.66359052801195,15893,5.008256792216468,0.007591944996649502,1.2844508364263746e-05,0.007591944996649502
2022-11-23,486,2022-11-23 19:59:00,150.7204089130931,150.7205086223473,150.71053769692904,150.71053769692904,1663,5.01542652388895,0.014761676669131418,0.00011564110170025512,0.014761676669131418
2022-11-25,0,2022-11-25 16:59:00,147.679376369779,147.68934729519725,147.679376369779,147.68934729519725,5082,4.995043547897434,-0.00562129932238431,9.272381752713747e-05,0.00562129932238431
2022-11-28,14872,2022-11-28 19:59:00,144.05993044295263,144.07987229378915,144.05993044295263,144.05993044295263,1710,4.9702293966272295,-0.030435450592588786,0.0011863527627346926,0.030435450592588786
2022-11-29,14060,2022-11-29 19:59:00,140.87920523452908,140.8991470853656,140.8592633836926,140.8991470853656,3193,4.94790282273627,-0.05276202448354805,0.0032228381093406884,0.05276202448354805
2022-11-30,13208,2022-11-30 19:59:00,147.6893472951973,147.74917284770683,147.67937636977905,147.74917284770683,2404,4.995111063003965,-0.005553784215853064,9.142812658828912e-05,0.005553784215853064
2022-12-01,12429,2022-12-01 19:59:00,147.42013230890424,147.4301032343225,147.39021953264947,147.4301032343225,1137,4.993286553257038,-0.007378293962780447,0.0001296481774846384,0.007378293962780447
2022-12-02,11754,2022-12-02 19:59:00,147.03126621759208,147.0711499192651,147.03126621759208,147.0711499192651,1966,4.990645259520055,-0.0100195876997633,0.00019677381698670818,0.0100195876997633
2022-12-05,10981,2022-12-05 19:59:00,146.43301069249688,146.5327199466794,146.43301069249688,146.5327199466794,3377,4.986568058982016,-0.014096788237802471,0.0003277841319319404,0.014096788237802471
2022-12-06,10218,2022-12-06 19:59:00,142.65402995897807,142.6739718098146,142.65402995897807,142.65402995897807,2856,4.960422327936794,-0.04024251928302469,0.0019581103505221906,0.04024251928302469
2022-12-07,9415,2022-12-07 19:59:00,140.33937933238462,140.33937933238462,140.29092063485186,140.29092063485186,2632,4.9440636272148515,-0.05660122000496681,0.0036734801433871813,0.05660122000496681
2022-12-08,8685,2022-12-08 19:59:00,142.24522201683027,142.28510571850327,142.24522201683027,142.28510571850327,580,4.957552483808447,-0.043112363411371035,0.0022203306645397257,0.043112363411371035
2022-12-09,7945,2022-12-09 19:59:00,141.53728631213363,141.53728631213363,141.53728631213363,141.53728631213363,887,4.952563189877532,-0.04810165734228633,0.0027154186183677665,0.04810165734228633
2022-12-12,7224,2022-12-12 19:59:00,143.9801630396067,144.0200467412797,143.9801630396067,144.0200467412797,1053,4.9696755334172815,-0.030989313802536778,0.0012248134711064379,0.030989313802536778
2022-12-13,6467,2022-12-13 19:59:00,145.04705205936,145.06699391019652,145.04705205936,145.06699391019652,2695,4.977058186743926,-0.02360666047589266,0.0007625706549708153,0.02360666047589266
2022-12-14,5714,2022-12-14 19:59:00,143.00301234861735,143.00301234861735,142.98307049778086,142.98307049778086,1320,4.962865695412982,-0.03779915180683613,0.0017478397313405918,0.03779915180683613
2022-12-15,4862,2022-12-15 19:59:00,136.22278306420407,136.22278306420407,136.2128121387858,136.22278306420407,1694,4.914291656262258,-0.08637319095756002,0.008168763546777438,0.08637319095756002
2022-12-16,3998,2022-12-16 19:59:00,134.07903409927897,134.07903409927897,134.0291794721877,134.0291794721877,5236,4.898429432794332,-0.10223541442548623,0.011287667655481204,0.10223541442548623
2022-12-19,3155,2022-12-19 19:59:00,132.12473271730056,132.1646164189736,132.12473271730056,132.1646164189736,878,4.883746421235096,-0.11691842598472224,0.01462320567649471,0.11691842598472224
2022-12-20,2324,2022-12-20 19:59:00,132.65319176446786,132.65319176446786,132.61330806279486,132.61330806279486,2995,4.887738141843221,-0.11292670537659699,0.013673730325741753,0.11292670537659699
2022-12-21,1534,2022-12-21 19:59:00,135.28551607488788,135.33537070197914,135.27554514946962,135.27554514946962,2557,4.907387479002147,-0.09327736821767108,0.009464447032583154,0.09327736821767108
2022-12-22,750,2022-12-22 19:59:00,130.94816351794705,130.94816351794705,130.90827981627402,130.91825074169228,5296,4.8748015465556245,-0.12586330066419382,0.01686656029406224,0.12586330066419382
2022-12-23,0,2022-12-23 19:59:00,131.26723313133064,131.26723313133064,131.26723313133064,131.26723313133064,648,4.877235192900869,-0.12342965431894903,0.016240361192020672,0.12342965431894903
2022-12-27,15398,2022-12-27 19:59:00,129.27304804768028,129.27304804768028,129.12348416640646,129.12348416640646,9284,4.86192681894323,-0.1387380282765882,0.02037643469756829,0.1387380282765882
2022-12-28,14575,2022-12-28 19:59:00,125.93278803256464,125.95272988340112,125.92291681640056,125.95272988340112,1627,4.835748336315001,-0.16491651090481696,0.02853549761356958,0.16491651090481696
2022-12-29,13753,2022-12-29 19:59:00,128.87421103094977,128.87421103094977,128.87421103094977,128.87421103094977,1551,4.858836820347093,-0.14182802687272567,0.02126815297508686,0.14182802687272567
2022-12-30,12970,2022-12-30 19:59:00,129.592117661064,129.60208858648227,129.592117661064,129.592117661064,3350,4.86439196155205,-0.1362728856677684,0.019678732887065314,0.1362728856677684
2023-01-03,12103,2023-01-03 19:59:00,124.67645142986424,124.69639328070076,124.58671310109996,124.63656772819122,2812,4.825721993071775,-0.17494285414804356,0.03202341585853045,0.17494285414804356
2023-01-04,11221,2023-01-04 19:59:00,126.34159597471292,126.34159597471292,126.2817704222034,126.2817704222034,3891,4.8389893177693715,-0.16167552945044683,0.027451039021596988,0.16167552945044683
2023-01-05,10360,2023-01-05 19:59:00,124.88584086364789,124.88584086364789,124.88584086364789,124.88584086364789,1932,4.827400046923531,-0.17326480029628755,0.031425653311291095,0.17326480029628755
2023-01-06,9566,2023-01-06 19:59:00,128.9739202851321,128.9739202851321,128.88418195636777,128.88418195636777,8331,4.859610215590591,-0.1410546316292276,0.02104317330316397,0.1410546316292276
2023-01-09,8748,2023-01-09 19:59:00,129.45252470520884,129.47246655604533,129.42271163820823,129.47246655604533,1521,4.863314209330719,-0.1373506378890994,0.01998227055531582,0.1373506378890994
2023-01-10,7963,2023-01-10 19:59:00,130.58921020288915,130.6091520537257,130.58921020288915,130.58921020288915,1925,4.872056596299862,-0.12860825091995665,0.017587075683388066,0.12860825091995665
2023-01-11,7156,2023-01-11 19:59:00,133.06199970661697,133.10188340829,133.06199970661697,133.10188340829,4579,4.890815182809087,-0.1098496644107314,0.012963572617614738,0.1098496644107314
2023-01-12,6377,2023-01-12 19:59:00,132.76287194406936,132.76287194406936,132.7329591678146,132.7329591678146,1186,4.888564619218496,-0.11210022800132258,0.013481125578468157,0.11210022800132258
2023-01-13,5638,2023-01-13 19:59:00,134.15880150262467,134.15880150262467,134.15880150262467,134.15880150262467,441,4.899024184131466,-0.10164066308835196,0.01116164453359926,0.10164066308835196
2023-01-17,4854,2023-01-17 19:59:00,135.14592311903178,135.14592311903178,135.10603941735877,135.10603941735877,3825,4.906355106666517,-0.09430974055330132,0.009666382315022036,0.09430974055330132
2023-01-18,4052,2023-01-18 19:59:00,134.0491213230243,134.05909224844257,134.0092376213513,134.0491213230243,6819,4.89820630981546,-0.10245853740435873,0.01133512814311787,0.10245853740435873
2023-01-19,3253,2023-01-19 19:59:00,135.06615571568585,135.15589404445015,135.06615571568585,135.15589404445015,1288,4.9057647007453085,-0.09490014647450984,0.009782825671805323,0.09490014647450984
2023-01-20,2460,2023-01-20 19:59:00,137.70845095152416,137.70845095152416,137.69848002610587,137.69848002610587,2371,4.925138776048393,-0.07552607117142518,0.0063256718807685065,0.07552607117142518
2023-01-23,1658,2023-01-23 19:59:00,140.68975765158171,140.699728577,140.6498739499087,140.699728577,2108,4.946557165817318,-0.054107681402499885,0.003377434911942406,0.054107681402499885
2023-01-24,825,2023-01-24 19:59:00,141.4874316850429,141.4874316850429,141.40766428169687,141.40766428169687,4382,4.952210891124553,-0.04845395609526548,0.0027522590824554864,0.04845395609526548
2023-01-25,0,2023-01-25 19:59:00,141.64696649173507,141.68685019340808,141.64696649173507,141.64696649173507,3252,4.95333781052822,-0.04732703669159832,0.0026352881890150666,0.04732703669159832
2023-01-26,15875,2023-01-26 19:59:00,143.25228548407358,143.2722273349101,143.24231455865532,143.2722273349101,6106,4.964607309981179,-0.036057537238638915,0.001605248988828982,0.036057537238638915
2023-01-27,15106,2023-01-27 19:59:00,145.49574370318075,145.49574370318075,145.47580185234423,145.47580185234423,2220,4.9801468332845715,-0.02051801393524677,0.0006015264091450384,0.02051801393524677
2023-01-30,14304,2023-01-30 19:59:00,142.65402995897878,142.66400088439707,142.584233481051,142.584233481051,3397,4.960422327936798,-0.04024251928302025,0.0019581103505217972,0.04024251928302025
2023-01-31,13512,2023-01-31 19:59:00,143.30214011116544,143.3819075145115,143.30214011116544,143.3819075145115,3235,4.964955269203874,-0.03570957801594421,0.0015774877031698934,0.03570957801594421
2023-02-01,12684,2023-02-01 19:59:00,145.62536573361882,145.6453075844553,145.5854820319458,145.6453075844553,2831,4.981037335792306,-0.019627511427512623,0.0005586384119240758,0.019627511427512623
2023-02-02,11766,2023-02-02 19:59:00,145.4758018523444,145.5655401811087,145.4758018523444,145.5655401811087,9785,4.980009762487291,-0.020655084732527307,0.0006082688039828966,0.020655084732527307
2023-02-03,10882,2023-02-03 19:59:00,153.8912629053519,153.94111753244317,153.88129197993365,153.94111753244317,3835,5.036246267988009,0.0355814207681906,0.0009968795478186854,0.0355814207681906
2023-02-06,10031,2023-02-06 19:59:00,151.45835710329737,151.53812450664338,151.45835710329737,151.53812450664338,5322,5.020310716560277,0.019645869340458866,0.0002445422882858943,0.019645869340458866
2023-02-07,9237,2023-02-07 19:59:00,153.57219329196792,153.70181532240525,153.5522514411314,153.70181532240525,2791,5.034170771069657,0.033505923849838304,0.0008701262490853865,0.033505923849838304
2023-02-08,8444,2023-02-08 19:59:00,151.95690337421027,151.95690337421027,151.95690337421027,151.95690337421027,1989,5.023596950211097,0.02293210299127857,0.00035812086416652634,0.02293210299127857
2023-02-09,7642,2023-02-09 19:59:00,150.19204957517985,150.31170068019892,150.19204957517985,150.31170068019892,3598,5.01191480567328,0.011249958453461772,5.244565232195259e-05,0.011249958453461772
2023-02-10,6873,2023-02-10 19:59:00,151.0499288235635,151.0499288235635,151.02995659973388,151.0499288235635,3466,5.017610436621471,0.016945589401652583,0.0001673806658610728,0.016945589401652583
2023-02-13,6129,2023-02-13 19:59:00,153.41663734737597,153.4865401307797,153.38667901163151,153.4865401307797,3970,5.033157340336158,0.03249249311633928,0.0008113651290991535,0.03249249311633928
2023-02-14,5363,2023-02-14 19:59:00,152.58779005844522,152.6377206180193,152.5778039465304,152.6277345061045,5807,5.027740102926004,0.027075255706185963,0.0005320972986500361,0.027075255706185963
2023-02-15,4611,2023-02-15 19:59:00,155.29402638736175,155.29402638736175,155.26406805161727,155.26406805161727,7147,5.045320264426833,0.04465541720701438,0.0016522107860921858,0.04465541720701438
2023-02-16,3821,2023-02-16 19:59:00,152.64770672993433,152.68765117759358,152.59777617036022,152.59777617036022,3192,5.028132696008323,0.027467848788504945,0.0005503635012139329,0.027467848788504945
2023-02-17,3047,2023-02-17 19:59:00,152.37808170823425,152.42801226780833,152.37808170823425,152.42801226780833,1864,5.0263648120972295,0.02569996487741122,0.0004705404119339864,0.02569996487741122
2023-02-21,2257,2023-02-21 19:59:00,148.48349806145524,148.5134563971997,148.48349806145524,148.5134563971997,1496,5.000473827902722,-0.00019101931709641917,1.763194292316292e-05,0.00019101931709641917
2023-02-22,1458,2023-02-22 19:59:00,148.92288698570704,148.97281754528117,148.92288698570704,148.97281754528117,1360,5.003428634968279,0.0027637877484609774,1.5481173734971195e-06,0.0027637877484609774
2023-02-23,723,2023-02-23 19:59:00,148.83301197847348,148.8729564261328,148.7431369712401,148.7431369712401,4640,5.00282495248692,0.002160105267101642,3.414794025129254e-06,0.002160105267101642
2023-02-24,0,2023-02-24 19:59:00,146.11678953764203,146.1966784329606,146.09691717493155,146.1966784329606,2177,4.9844062302761944,-0.01625861694362385,0.00041073662965147753,0.01625861694362385
2023-02-27,14888,2023-02-27 19:59:00,147.8144285631622,147.824414675077,147.8144285631622,147.824414675077,745,4.99595762596291,-0.004707221256908589,7.595545452589641e-05,0.004707221256908589
2023-02-28,14130,2023-02-28 19:59:00,146.71595625253184,146.72594236444667,146.6959840287022,146.72594236444667,2376,4.988498447145055,-0.012166400074763217,0.0002616119099636594,0.012166400074763217
2023-03-01,13350,2023-03-01 19:59:00,144.91845610786442,144.9584005555237,144.91845610786442,144.91845610786442,1407,4.976171212560415,-0.024493634659402908,0.0008123443979881929,0.024493634659402908
2023-03-02,12593,2023-03-02 19:59:00,145.3478589202015,145.39778947977558,145.3478589202015,145.39778947977558,593,4.979129896385221,-0.021534950834597666,0.0006524434304516865,0.021534950834597666
2023-03-03,11790,2023-03-03 19:59:00,151.1797482784565,151.20970661420094,151.1797482784565,151.20970661420094,1453,5.018469514817377,0.0178046675975585,0.00019034744636852238,0.0178046675975585
2023-03-06,10939,2023-03-06 19:59:00,153.5764151380127,153.5764151380127,153.5664290260979,153.5664290260979,5170,5.034198261645418,0.03353341442559987,0.0008717488334614868,0.03353341442559987
2023-03-07,10222,2023-03-07 19:59:00,151.21969272611508,151.21969272611508,151.21969272611508,151.21969272611508,607,5.0187336981621495,0.018068850942331238,0.00019770692748771239,0.018068850942331238
2023-03-08,9470,2023-03-08 19:59:00,152.43799837972298,152.48792893929706,152.3581094844044,152.43799837972298,1852,5.026757945374471,0.026093098154652772,0.0004877506153676228,0.026093098154652772
2023-03-09,8711,2023-03-09 19:59:00,150.15117875123013,150.27101209420795,150.13120652740048,150.1911231988894,8362,5.011642644889568,0.010977797669749378,4.85777812846718e-05,0.010977797669749378
2023-03-10,7932,2023-03-10 19:59:00,148.3936230542212,148.3936230542212,148.3936230542212,148.3936230542212,1218,4.9998683584772445,-0.0007964887425737643,2.308331768644293e-05,0.0007964887425737643
2023-03-13,7079,2023-03-13 19:59:00,150.69042879463026,150.69042879463026,150.63051212314133,150.69042879463026,2520,5.015227591967393,0.014562744747574463,0.0001114021849957914,0.014562744747574463
2023-03-14,6301,2023-03-14 19:59:00,152.53775963775195,152.55783172270074,152.49801491233097,152.55783172270074,3419,5.02741216958059,0.026747322360771264,0.000517075808296472,0.026747322360771264
2023-03-15,5498,2023-03-15 19:59:00,152.4879289392972,152.5378594988713,152.46795671546758,152.4879289392972,3072,5.0270854384181725,0.02642059119835416,0.0005023232850764278,0.02642059119835416
2023-03-16,4714,2023-03-16 19:59:00,155.633554192466,155.633554192466,155.59360974480674,155.59360974480674,3358,5.0475042324069355,0.046839385187117166,0.0018345257240752184,0.046839385187117166
2023-03-17,3961,2023-03-17 19:56:00,154.3753040911984,154.3852902031132,154.3753040911984,154.3852902031132,542,5.039386677201829,0.0387218299820109,0.00120504850643938,0.0387218299820109
2023-03-20,3161,2023-03-20 19:59:00,157.181401539263,157.1913876511778,157.181401539263,157.1913876511778,2095,5.057400562176891,0.05673571495707286,0.002780209668108146,0.05673571495707286
2023-03-21,2380,2023-03-21 19:59:00,158.77917944563404,158.77917944563404,158.71926277414514,158.7492211098896,2817,5.067514428413819,0.06684958119400086,0.0039490616376523366,0.06684958119400086
2023-03-22,1585,2023-03-22 19:59:00,158.219957178404,158.47959608818928,158.19998495457435,158.19998495457435,10295,5.063986198947303,0.06332135172748465,0.0035180711548292937,0.06332135172748465
2023-03-23,794,2023-03-23 19:59:00,158.91898501244117,158.91898501244117,158.82911000520784,158.82911000520784,576,5.068394544142975,0.06772969692315645,0.004060451931792119,0.06772969692315645
2023-03-24,0,2023-03-24 19:59:00,159.95754065158226,159.9775128754119,159.95754065158226,159.9775128754119,1487,5.0749084090891206,0.07424356186930225,0.004933031145360744,0.07424356186930225
2023-03-27,14389,2023-03-27 19:59:00,158.15005439500038,158.15005439500038,158.15005439500038,158.15005439500038,556,5.063544293697222,0.06287944647740407,0.003465844690934208,0.06287944647740407
2023-03-28,13697,2023-03-28 19:59:00,157.49097100862193,157.49097100862193,157.48098489670707,157.48098489670707,1497,5.059368129693052,0.05870328247323364,0.0029915715841384366,0.05870328247323364
2023-03-29,12966,2023-03-29 19:58:00,160.12730455413458,160.15726288987904,160.12730455413458,160.12730455413458,665,5.0759691523327515,0.07530430511293318,0.005083160071626032,0.07530430511293318
2023-03-30,12235,2023-03-30 19:59:00,162.21440194433154,162.21440194433154,162.21440194433154,162.21440194433154,654,5.088918929011682,0.088254081791864,0.007097398691964316,0.088254081791864
2023-03-31,11528,2023-03-31 19:59:00,164.6809715872928,164.6809715872928,164.670985475378,164.670985475378,2304,5.104010096734268,0.10334524951445001,0.009867884889951287,0.10334524951445001
2023-04-03,10801,2023-04-03 19:59:00,165.76945778600808,165.7894300098377,165.76945778600808,165.7894300098377,1695,5.110598014550132,0.10993316733031389,0.011220136540879732,0.10993316733031389
2023-04-04,10106,2023-04-04 19:59:00,165.5497633238813,165.56973554771096,165.5497633238813,165.55974943579614,2392,5.1092718343569645,0.10860698713714623,0.010940943633795601,0.10860698713714623
2023-04-05,9390,2023-04-05 19:59:00,163.3228603668768,163.3228603668768,163.3228603668768,163.3228603668768,529,5.095728980177979,0.09506413295816074,0.008291215452540458,0.09506413295816074
2023-04-06,8672,2023-04-06 19:59:00,164.36141600601826,164.36141600601826,164.36141600601826,164.36141600601826,1046,5.1020677592495645,0.10140291202974616,0.009485764721259664,0.10140291202974616
2023-04-10,7950,2023-04-10 19:59:00,161.96474914646112,161.97473525837592,161.96474914646112,161.97473525837592,1411,5.087378713693184,0.08671386647336554,0.0068402568097066805,0.08671386647336554
2023-04-11,7238,2023-04-11 19:59:00,160.7764018285974,160.7764018285974,160.75642960476776,160.7764018285974,2308,5.080014591178047,0.07934974395822891,0.005676375158412026,0.07934974395822891
2023-04-12,6552,2023-04-12 19:59:00,159.57806839881945,159.57806839881945,159.57806839881945,159.57806839881945,2346,5.072533259525761,0.07186841230594254,0.004605032654241387,0.07186841230594254
2023-04-13,5815,2023-04-13 19:59:00,165.06044384005585,165.12026065042562,165.06044384005585,165.11037439962996,3097,5.106311733122851,0.10564688590303284,0.010330458777966208,0.10564688590303284
2023-04-14,5108,2023-04-14 19:59:00,164.69095769920722,164.77084659452578,164.62105491580348,164.77084659452578,3012,5.104070734032287,0.10340588681246832,0.009879935649044474,0.10340588681246832
2023-04-17,4409,2023-04-17 19:59:00,164.96058272090772,164.9905410566522,164.96058272090772,164.9905410566522,673,5.105706552760639,0.10504170554082037,0.010207805331564419,0.10504170554082037
2023-04-18,3683,2023-04-18 19:59:00,166.2188328221743,166.22881893408916,166.2188328221743,166.22881893408916,1898,5.113305190214619,0.11264034299480041,0.011800981295610906,0.11264034299480041
2023-04-19,2950,2023-04-19 19:59:00,166.9977495515302,167.05766622301914,166.9877634396154,167.01772177535986,8133,5.1179803365866166,0.11731548936679825,0.012838582297604793,0.11731548936679825
2023-04-20,2182,2023-04-20 19:59:00,166.5883189630229,166.74809675366,166.5883189630229,166.74809675366,1384,5.115525613007053,0.1148607657872347,0.01228833093872729,0.1148607657872347
2023-04-21,1472,2023-04-21 19:59:00,164.6909576992068,164.69105756032593,164.6909576992068,164.69105756032593,946,5.104070734032284,0.10340588681246565,0.009879935649043943,0.10340588681246565
2023-04-24,786,2023-04-24 19:58:00,164.99054105665195,164.99054105665195,164.99054105665195,164.99054105665195,285,5.105888145327947,0.10522329810812892,0.010244532239601358,0.10522329810812892
2023-04-25,0,2023-04-25 19:59:00,163.96187166830626,163.96197152942543,163.93201319368094,163.93201319368094,2502,5.0996339109668485,0.09896906374703018,0.009017599564101926,0.09896906374703018
2023-04-26,15750,2023-04-26 19:59:00,163.80219373878813,163.80219373878813,163.80219373878813,163.80219373878813,1357,5.09865956411798,0.09799471689816208,0.00883349893112691,0.09799471689816208
2023-04-27,14968,2023-04-27 19:59:00,167.6668190498232,167.70676349748246,167.6668190498232,167.70676349748246,1969,5.121978790277081,0.12131394305726229,0.01376067925643722,0.12131394305726229
2023-04-28,14218,2023-04-28 19:59:00,169.25461084427943,169.35447196342764,169.2446247323646,169.35447196342764,4217,5.131404154223548,0.13073930700372927,0.016060818751397858,0.13073930700372927
2023-05-01,13493,2023-05-01 19:59:00,169.1946941727909,169.20468028470572,169.1547497251316,169.16473583704644,2017,5.131050088363602,0.13038524114378358,0.01597120167079068,0.13038524114378358
2023-05-02,12772,2023-05-02 19:59:00,168.32590243620166,168.3658468838609,168.32590243620166,168.3658468838609,2515,5.125901995689521,0.12523714846970257,0.01469650125067887,0.12523714846970257
2023-05-03,11958,2023-05-03 19:59:00,165.37999942133018,165.42992998090426,165.37001330941536,165.37001330941536,12047,5.108245852794989,0.10758100557517114,0.010727363051460112,0.10758100557517114
2023-05-04,11072,2023-05-04 19:59:00,169.62409698512866,169.68401365661754,169.62409698512866,169.68401365661754,21880,5.133584794545453,0.13291994732563506,0.016618284646491017,0.13291994732563506
2023-05-05,10192,2023-05-05 19:59:00,172.9195139170184,172.9195139170184,172.83962502169985,172.83962502169985,10612,5.152826248767365,0.15216140154754676,0.02194942404987282,0.15216140154754676
2023-05-08,9471,2023-05-08 19:59:00,173.00938892425248,173.03934725999696,173.00938892425248,173.03934725999696,1141,5.153345864263602,0.15268101704378356,0.022103659634428362,0.15268101704378356
2023-05-09,8762,2023-05-09 19:59:00,171.70120826341093,171.7311665991554,171.65137756495596,171.70120826341093,4335,5.145755804939887,0.1450909577200683,0.01990439492138696,0.1450909577200683
2023-05-10,8075,2023-05-10 19:59:00,173.39884728892994,173.4088334008448,173.37887506510032,173.4088334008448,1761,5.15559441662498,0.15492956940516134,0.02277731365301716,0.15492956940516134
2023-05-11,7374,2023-05-11 19:59:00,173.53865285573747,173.53865285573747,173.5186806319078,173.5186806319078,908,5.156400357604647,0.15573551038482858,0.02302123091438819,0.15573551038482858
2023-05-12,6670,2023-05-12 19:59:00,172.44,172.45,172.4,172.45,995,5.150049349878934,0.14938450265911563,0.021134321303997644,0.14938450265911563
2023-05-15,5981,2023-05-15 19:59:00,172.0,172.0,171.97,172.0,3576,5.147494476813453,0.14682962959363444,0.020398011767719097,0.14682962959363444
2023-05-16,5316,2023-05-16 19:59:00,172.23,172.23,172.23,172.23,426,5.148830792847655,0.14816594562783703,0.02078150711838845,0.14816594562783703
2023-05-17,4625,2023-05-17 19:59:00,172.69,172.72,172.69,172.72,4273,5.151498079596578,0.15083323237676005,0.02155764257909288,0.15083323237676005
2023-05-18,3870,2023-05-18 19:59:00,175.85,175.9,175.84,175.8999,7884,5.169631358919991,0.16896651170017307,0.02721130352292434,0.16896651170017307
2023-05-19,3132,2023-05-19 19:59:00,175.1,175.1,175.09,175.09,3290,5.165357239291806,0.16469239207198783,0.025819466979043786,0.16469239207198783
2023-05-22,2359,2023-05-22 19:59:00,174.66,174.74,174.6501,174.7,3584,5.162841226985587,0.1621763797657687,0.025017229588900854,0.1621763797657687
2023-05-23,1622,2023-05-23 19:59:00,171.8,171.9,171.76,171.76,1011,5.146331009550155,0.14566616233033702,0.02006702889253657,0.14566616233033702
2023-05-24,779,2023-05-24 19:59:00,170.94,171.0,170.94,171.0,5822,5.141312617737872,0.14064777051805333,0.018670421039717194,0.14064777051805333
2023-05-25,0,2023-05-25 19:59:00,172.81,172.85,172.8,172.85,1148,5.1521927250659,0.1515278778460818,0.02176210804659878,0.1515278778460818
